xof 0303txt 0032
template ColorRGBA {
 <35ff44e0-6c7c-11cf-8f52-0040333594a3>
 FLOAT red;
 FLOAT green;
 FLOAT blue;
 FLOAT alpha;
}

template ColorRGB {
 <d3e16e81-7835-11cf-8f52-0040333594a3>
 FLOAT red;
 FLOAT green;
 FLOAT blue;
}

template Material {
 <3d82ab4d-62da-11cf-ab39-0020af71e433>
 ColorRGBA faceColor;
 FLOAT power;
 ColorRGB specularColor;
 ColorRGB emissiveColor;
 [...]
}

template TextureFilename {
 <a42790e1-7810-11cf-8f52-0040333594a3>
 STRING filename;
}

template Frame {
 <3d82ab46-62da-11cf-ab39-0020af71e433>
 [...]
}

template Matrix4x4 {
 <f6f23f45-7686-11cf-8f52-0040333594a3>
 array FLOAT matrix[16];
}

template FrameTransformMatrix {
 <f6f23f41-7686-11cf-8f52-0040333594a3>
 Matrix4x4 frameMatrix;
}

template Vector {
 <3d82ab5e-62da-11cf-ab39-0020af71e433>
 FLOAT x;
 FLOAT y;
 FLOAT z;
}

template MeshFace {
 <3d82ab5f-62da-11cf-ab39-0020af71e433>
 DWORD nFaceVertexIndices;
 array DWORD faceVertexIndices[nFaceVertexIndices];
}

template Mesh {
 <3d82ab44-62da-11cf-ab39-0020af71e433>
 DWORD nVertices;
 array Vector vertices[nVertices];
 DWORD nFaces;
 array MeshFace faces[nFaces];
 [...]
}

template MeshNormals {
 <f6f23f43-7686-11cf-8f52-0040333594a3>
 DWORD nNormals;
 array Vector normals[nNormals];
 DWORD nFaceNormals;
 array MeshFace faceNormals[nFaceNormals];
}

template MeshMaterialList {
 <f6f23f42-7686-11cf-8f52-0040333594a3>
 DWORD nMaterials;
 DWORD nFaceIndexes;
 array DWORD faceIndexes[nFaceIndexes];
 [Material <3d82ab4d-62da-11cf-ab39-0020af71e433>]
}

template Coords2d {
 <f6f23f44-7686-11cf-8f52-0040333594a3>
 FLOAT u;
 FLOAT v;
}

template MeshTextureCoords {
 <f6f23f40-7686-11cf-8f52-0040333594a3>
 DWORD nTextureCoords;
 array Coords2d textureCoords[nTextureCoords];
}

template XSkinMeshHeader {
 <3cf169ce-ff7c-44ab-93c0-f78f62d172e2>
 WORD nMaxSkinWeightsPerVertex;
 WORD nMaxSkinWeightsPerFace;
 WORD nBones;
}

template SkinWeights {
 <6f0d123b-bad2-4167-a0d0-80224f25fabb>
 STRING transformNodeName;
 DWORD nWeights;
 array DWORD vertexIndices[nWeights];
 array FLOAT weights[nWeights];
 Matrix4x4 matrixOffset;
}

template AnimTicksPerSecond {
 <9e415a43-7ba6-4a73-8743-b73d47e88476>
 DWORD AnimTicksPerSecond;
}

template Animation {
 <3d82ab4f-62da-11cf-ab39-0020af71e433>
 [...]
}

template AnimationSet {
 <3d82ab50-62da-11cf-ab39-0020af71e433>
 [Animation <3d82ab4f-62da-11cf-ab39-0020af71e433>]
}

template FloatKeys {
 <10dd46a9-775b-11cf-8f52-0040333594a3>
 DWORD nValues;
 array FLOAT values[nValues];
}

template TimedFloatKeys {
 <f406b180-7b3b-11cf-8f52-0040333594a3>
 DWORD time;
 FloatKeys tfkeys;
}

template AnimationKey {
 <10dd46a8-775b-11cf-8f52-0040333594a3>
 DWORD keyType;
 DWORD nKeys;
 array TimedFloatKeys keys[nKeys];
}


Material Material__43 {
 1.000000;1.000000;1.000000;1.000000;;
 10.000000;
 0.000000;0.000000;0.000000;;
 0.000000;0.000000;0.000000;;

 TextureFilename {
  "T_Jiuniang001_c.png";
 }
}

Material Material__42 {
 1.000000;1.000000;1.000000;1.000000;;
 10.000000;
 0.000000;0.000000;0.000000;;
 0.000000;0.000000;0.000000;;

 TextureFilename {
  "T_Jiuniang001_d.png";
 }
}

Material Material__37 {
 1.000000;1.000000;1.000000;1.000000;;
 10.000000;
 0.000000;0.000000;0.000000;;
 0.000000;0.000000;0.000000;;

 TextureFilename {
  "T_Jiuniang001_a.png";
 }
}

Material Material__35 {
 1.000000;1.000000;1.000000;1.000000;;
 10.000000;
 0.000000;0.000000;0.000000;;
 0.000000;0.000000;0.000000;;

 TextureFilename {
  "T_Jiuniang001_b.png";
 }
}

Frame Bip01 {
 

 FrameTransformMatrix {
  -0.519591,0.000138,-0.854415,0.000000,0.000266,1.000000,0.000000,0.000000,0.854415,-0.000227,-0.519591,0.000000,0.000000,38.092560,0.000000,1.000000;;
 }

 Frame Bip01-Pelvis {
  

  FrameTransformMatrix {
   0.302708,0.946953,0.107930,0.000000,-0.099145,-0.081342,0.991743,0.000000,0.947913,-0.310909,0.069263,0.000000,0.000000,0.000000,0.000000,1.000000;;
  }

  Frame Bip01-Spine {
   

   FrameTransformMatrix {
    0.936941,0.069623,-0.342481,0.000000,-0.025751,0.991045,0.131023,0.000000,0.348536,-0.113942,0.930344,0.000000,2.653378,-0.303949,0.217859,1.000000;;
   }

   Frame Bip01-Spine1 {
    

    FrameTransformMatrix {
     0.976397,-0.210897,-0.046589,0.000000,0.204773,0.972519,-0.110795,0.000000,0.068675,0.098640,0.992751,0.000000,3.484917,-0.000272,-0.002744,1.000000;;
    }

    Frame Bip01-Spine2 {
     

     FrameTransformMatrix {
      0.989555,0.001939,-0.144144,0.000000,0.020730,0.987602,0.155602,0.000000,0.142659,-0.156965,0.977246,0.000000,3.469421,0.001191,-0.007416,1.000000;;
     }

     Frame Bip01-Neck {
      

      FrameTransformMatrix {
       0.957738,0.000001,0.287643,0.000000,-0.000001,1.000000,-0.000000,0.000000,-0.287643,-0.000000,0.957738,0.000000,9.057144,-0.000002,-1.203357,1.000000;;
      }

      Frame Bip01-Head {
       

       FrameTransformMatrix {
        0.987953,0.143011,0.059129,0.000000,-0.105401,0.901597,-0.419540,0.000000,-0.113310,0.408254,0.905809,0.000000,2.784946,-0.000000,0.000000,1.000000;;
       }

       Frame Bone13 {
        

        FrameTransformMatrix {
         -0.008296,0.000624,0.999966,0.000000,-0.000623,-1.000000,0.000618,0.000000,0.999966,-0.000618,0.008296,0.000000,1.041954,0.000008,1.165128,1.000000;;
        }
       }

       Frame Bone14 {
        

        FrameTransformMatrix {
         0.044857,0.000577,0.998993,0.000000,-0.000577,-1.000000,0.000603,0.000000,0.998993,-0.000603,-0.044856,0.000000,1.482796,0.000008,1.817400,1.000000;;
        }
       }

       Frame Bone11 {
        

        FrameTransformMatrix {
         0.252184,0.000451,0.967679,0.000000,-0.000450,-1.000000,0.000583,0.000000,0.967680,-0.000583,-0.252183,0.000000,3.384777,-1.399998,1.192040,1.000000;;
        }
       }

       Frame Bone12 {
        

        FrameTransformMatrix {
         0.252189,0.000382,0.967678,0.000000,-0.000381,-1.000000,0.000494,0.000000,0.967678,-0.000493,-0.252189,0.000000,3.384777,1.384053,1.192036,1.000000;;
        }
       }

       Frame Bone01 {
        

        FrameTransformMatrix {
         -0.978896,0.120561,-0.165011,0.000000,-0.144300,-0.979528,0.140366,0.000000,-0.144711,0.161215,0.976252,0.000000,8.888855,-3.410730,-1.584286,1.000000;;
        }

        Frame Bone02 {
         

         FrameTransformMatrix {
          0.985324,0.077976,0.151844,0.000000,-0.081241,0.996575,0.015405,0.000000,-0.150122,-0.027514,0.988285,0.000000,9.633903,-0.000001,0.000097,1.000000;;
         }

         Frame Bone03 {
          

          FrameTransformMatrix {
           0.991169,0.014609,0.131798,0.000000,-0.017201,0.999680,0.018555,0.000000,-0.131484,-0.020658,0.991103,0.000000,7.717789,0.146702,0.307271,1.000000;;
          }

          Frame Bone04 {
           

           FrameTransformMatrix {
            0.995793,0.084818,0.034675,0.000000,-0.083513,0.995801,-0.037492,0.000000,-0.037709,0.034438,0.998695,0.000000,8.765644,0.158021,0.475761,1.000000;;
           }

           Frame Bone05 {
            

            FrameTransformMatrix {
             0.983436,0.106309,-0.146810,0.000000,-0.108103,0.994131,-0.004272,0.000000,0.145494,0.020072,0.989155,0.000000,7.809150,0.012530,0.367417,1.000000;;
            }
           }
          }
         }
        }
       }

       Frame Bone06 {
        

        FrameTransformMatrix {
         -0.995552,0.065329,-0.067885,0.000000,-0.075515,-0.984170,0.160334,0.000000,-0.056336,0.164747,0.984726,0.000000,8.843880,2.961433,-1.590879,1.000000;;
        }

        Frame Bone07 {
         

         FrameTransformMatrix {
          0.989554,0.052035,0.134447,0.000000,-0.053461,0.998545,0.007016,0.000000,-0.133887,-0.014131,0.990896,0.000000,9.633896,0.000001,0.000096,1.000000;;
         }

         Frame Bone08 {
          

          FrameTransformMatrix {
           0.996044,0.057451,0.067795,0.000000,-0.056931,0.998333,-0.009581,0.000000,-0.068232,0.005684,0.997653,0.000000,7.700005,0.096751,0.272900,1.000000;;
          }

          Frame Bone09 {
           

           FrameTransformMatrix {
            0.996460,-0.032603,0.077491,0.000000,0.030573,0.999161,0.027240,0.000000,-0.078315,-0.024774,0.996621,0.000000,8.685650,0.126132,0.367671,1.000000;;
           }

           Frame Bone10 {
            

            FrameTransformMatrix {
             0.997975,0.062806,-0.010096,0.000000,-0.063031,0.997730,-0.023698,0.000000,0.008585,0.024287,0.999668,0.000000,7.732727,0.150831,0.237757,1.000000;;
            }
           }
          }
         }
        }
       }
      }

      Frame Bip01-L-Clavicle {
       

       FrameTransformMatrix {
        -0.073682,0.966813,-0.244628,0.000000,0.957508,-0.000001,-0.288407,0.000000,-0.278836,-0.255484,-0.925732,0.000000,-2.011250,0.526771,0.747891,1.000000;;
       }

       Frame Bip01-L-UpperArm {
        

        FrameTransformMatrix {
         0.068645,-0.913050,0.402030,0.000000,0.995774,0.087349,0.028352,0.000000,-0.061004,0.398385,0.915187,0.000000,4.113437,0.000004,0.000002,1.000000;;
        }

        Frame Bip01-L-Forearm {
         

         FrameTransformMatrix {
          0.978233,-0.000000,-0.207511,0.000000,0.000000,1.000000,-0.000000,0.000000,0.207511,0.000000,0.978233,0.000000,9.610626,0.000000,0.000000,1.000000;;
         }

         Frame Bip01-L-Hand {
          

          FrameTransformMatrix {
           0.995512,0.000885,0.094634,0.000000,-0.093759,-0.126831,0.987483,0.000000,0.012876,-0.991924,-0.126179,0.000000,7.605553,-0.000001,0.000000,1.000000;;
          }

          Frame Bip01-L-Finger0 {
           

           FrameTransformMatrix {
            0.986464,-0.057665,0.153504,0.000000,0.158950,0.106224,-0.981556,0.000000,0.040295,0.992669,0.113952,0.000000,1.740063,-1.632491,0.806582,1.000000;;
           }

           Frame Bip01-L-Finger01 {
            

            FrameTransformMatrix {
             0.999557,0.000000,0.029756,0.000000,0.000000,1.000000,-0.000000,0.000000,-0.029756,-0.000000,0.999557,0.000000,1.350102,0.000001,0.000000,1.000000;;
            }

            Frame Bip01-L-Finger02 {
             

             FrameTransformMatrix {
              1.000000,0.000000,0.000000,0.000000,0.000000,1.000000,-0.000000,0.000000,-0.000000,-0.000000,1.000000,0.000000,1.062710,0.000000,-0.000000,1.000000;;
             }
            }
           }
          }

          Frame Bip01-L-Finger1 {
           

           FrameTransformMatrix {
            0.983644,0.139586,-0.113845,0.000000,-0.122840,0.982100,0.142792,0.000000,0.131739,-0.126472,0.983184,0.000000,4.091354,-0.984262,-0.134612,1.000000;;
           }

           Frame Bip01-L-Finger11 {
            

            FrameTransformMatrix {
             0.937062,0.000000,0.349165,0.000000,-0.000000,1.000000,-0.000000,0.000000,-0.349165,-0.000000,0.937062,0.000000,1.307987,-0.000000,0.000000,1.000000;;
            }

            Frame Bip01-L-Finger12 {
             

             FrameTransformMatrix {
              0.992149,-0.000000,-0.125065,0.000000,0.000000,1.000000,-0.000000,0.000000,0.125065,0.000000,0.992149,0.000000,1.110548,-0.000000,0.000001,1.000000;;
             }
            }
           }
          }

          Frame Bip01-L-Finger2 {
           

           FrameTransformMatrix {
            0.990086,0.059636,0.127174,0.000000,-0.070799,0.993851,0.085138,0.000000,-0.121315,-0.093298,0.988220,0.000000,3.825924,-0.105072,-0.224461,1.000000;;
           }

           Frame Bip01-L-Finger21 {
            

            FrameTransformMatrix {
             0.853772,-0.000000,0.520648,0.000000,-0.000000,1.000000,0.000000,0.000000,-0.520648,-0.000000,0.853772,0.000000,1.445507,0.000000,-0.000000,1.000000;;
            }

            Frame Bip01-L-Finger22 {
             

             FrameTransformMatrix {
              1.000000,-0.000000,-0.000000,0.000000,-0.000000,1.000000,0.000000,0.000000,0.000000,0.000000,1.000000,0.000000,1.370150,-0.000000,0.000004,1.000000;;
             }
            }
           }
          }

          Frame Bip01-L-Finger3 {
           

           FrameTransformMatrix {
            0.984301,-0.051583,0.168794,0.000000,0.041301,0.997104,0.063869,0.000000,-0.171600,-0.055895,0.983580,0.000000,3.602096,0.721060,-0.183779,1.000000;;
           }

           Frame Bip01-L-Finger31 {
            

            FrameTransformMatrix {
             0.899507,-0.000000,0.436905,0.000000,0.000000,1.000000,-0.000000,0.000000,-0.436905,0.000000,0.899507,0.000000,1.239006,0.000000,-0.000001,1.000000;;
            }

            Frame Bip01-L-Finger32 {
             

             FrameTransformMatrix {
              0.987179,0.000000,-0.159616,0.000000,-0.000000,1.000000,0.000000,0.000000,0.159616,-0.000000,0.987179,0.000000,1.123564,0.000000,-0.000001,1.000000;;
             }
            }
           }
          }

          Frame Bip01-L-Finger4 {
           

           FrameTransformMatrix {
            0.912870,-0.133068,0.385955,0.000000,0.109641,0.990567,0.082197,0.000000,-0.393252,-0.032718,0.918849,0.000000,3.318810,1.426066,-0.034479,1.000000;;
           }

           Frame Bip01-L-Finger41 {
            

            FrameTransformMatrix {
             0.902067,0.000000,0.431594,0.000000,-0.000000,1.000000,-0.000000,0.000000,-0.431594,0.000000,0.902068,0.000000,0.900749,-0.000000,0.000001,1.000000;;
            }

            Frame Bip01-L-Finger42 {
             

             FrameTransformMatrix {
              1.000000,0.000000,0.000000,0.000000,0.000000,1.000000,0.000000,0.000000,0.000000,-0.000000,1.000000,0.000000,0.920408,0.000000,0.000002,1.000000;;
             }
            }
           }
          }
         }
        }
       }
      }

      Frame Bip01-R-Clavicle {
       

       FrameTransformMatrix {
        0.057879,-0.955158,-0.290387,0.000000,-0.958783,-0.134235,0.250434,0.000000,-0.278184,0.263923,-0.923557,0.000000,-2.011253,-0.524153,0.747894,1.000000;;
       }

       Frame Bip01-R-UpperArm {
        

        FrameTransformMatrix {
         0.418855,0.760060,0.496859,0.000000,-0.781483,0.023073,0.623500,0.000000,0.462434,-0.649443,0.603638,0.000000,4.113437,0.000000,0.000000,1.000000;;
        }

        Frame Bip01-R-Forearm {
         

         FrameTransformMatrix {
          -0.004159,-0.000000,-0.999991,0.000000,-0.000000,1.000000,-0.000000,0.000000,0.999991,0.000000,-0.004159,0.000000,9.610618,-0.000001,0.000000,1.000000;;
         }

         Frame Bip01-R-Hand {
          

          FrameTransformMatrix {
           0.689775,-0.146251,0.709099,0.000000,0.630147,-0.361034,-0.687437,0.000000,0.356547,0.921013,-0.156872,0.000000,7.605549,-0.000003,-0.000008,1.000000;;
          }

          Frame Bip01-R-Finger0 {
           

           FrameTransformMatrix {
            0.958675,0.259402,-0.116849,0.000000,-0.125604,0.754411,0.644274,0.000000,0.255278,-0.602972,0.755816,0.000000,1.740063,1.632488,0.806582,1.000000;;
           }

           Frame Bip01-R-Finger01 {
            

            FrameTransformMatrix {
             0.972716,-0.000000,0.232000,0.000000,0.000000,1.000000,0.000000,0.000000,-0.232000,-0.000000,0.972716,0.000000,1.350103,0.000000,0.000000,1.000000;;
            }

            Frame Bip01-R-Finger02 {
             

             FrameTransformMatrix {
              0.883680,0.000000,0.468092,0.000000,-0.000000,1.000000,0.000000,0.000000,-0.468092,-0.000000,0.883680,0.000000,1.062710,-0.000001,-0.000002,1.000000;;
             }
            }
           }
          }

          Frame Bip01-R-Finger1 {
           

           FrameTransformMatrix {
            0.992142,-0.118080,0.041377,0.000000,0.122840,0.982100,-0.142792,0.000000,-0.023775,0.146753,0.988888,0.000000,4.091343,0.984263,-0.134612,1.000000;;
           }

           Frame Bip01-R-Finger11 {
            

            FrameTransformMatrix {
             0.937062,-0.000000,0.349165,0.000000,0.000000,1.000000,0.000000,0.000000,-0.349165,-0.000000,0.937062,0.000000,1.307983,-0.000001,0.000002,1.000000;;
            }

            Frame Bip01-R-Finger12 {
             

             FrameTransformMatrix {
              0.999868,-0.000000,0.016264,0.000000,0.000000,1.000000,0.000000,0.000000,-0.016264,0.000000,0.999868,0.000000,1.110550,0.000002,0.000000,1.000000;;
             }
            }
           }
          }

          Frame Bip01-R-Finger2 {
           

           FrameTransformMatrix {
            0.990086,-0.059636,0.127174,0.000000,0.070799,0.993851,-0.085138,0.000000,-0.121315,0.093298,0.988220,0.000000,3.825928,0.105072,-0.224463,1.000000;;
           }

           Frame Bip01-R-Finger21 {
            

            FrameTransformMatrix {
             0.853772,0.000000,0.520648,0.000000,-0.000000,1.000000,0.000000,0.000000,-0.520648,-0.000000,0.853772,0.000000,1.445507,0.000000,-0.000001,1.000000;;
            }

            Frame Bip01-R-Finger22 {
             

             FrameTransformMatrix {
              1.000000,0.000000,0.000000,0.000000,0.000000,1.000000,0.000000,0.000000,0.000000,-0.000000,1.000000,0.000000,1.370144,0.000002,0.000002,1.000000;;
             }
            }
           }
          }

          Frame Bip01-R-Finger3 {
           

           FrameTransformMatrix {
            0.979761,-0.094768,0.176319,0.000000,0.103068,0.993929,-0.038501,0.000000,-0.171600,0.055895,0.983580,0.000000,3.602089,-0.721060,-0.183779,1.000000;;
           }

           Frame Bip01-R-Finger31 {
            

            FrameTransformMatrix {
             0.899507,0.000000,0.436906,0.000000,0.000000,1.000000,-0.000000,0.000000,-0.436906,0.000000,0.899507,0.000000,1.239014,-0.000001,0.000000,1.000000;;
            }

            Frame Bip01-R-Finger32 {
             

             FrameTransformMatrix {
              0.987179,0.000000,-0.159617,0.000000,-0.000000,1.000000,0.000000,0.000000,0.159616,0.000000,0.987179,0.000000,1.123562,-0.000001,0.000004,1.000000;;
             }
            }
           }
          }

          Frame Bip01-R-Finger4 {
           

           FrameTransformMatrix {
            0.960980,-0.091365,0.261093,0.000000,0.093427,0.995616,0.004533,0.000000,-0.260363,0.020037,0.965303,0.000000,3.318798,-1.426066,-0.034482,1.000000;;
           }

           Frame Bip01-R-Finger41 {
            

            FrameTransformMatrix {
             0.902068,-0.000000,0.431595,0.000000,-0.000000,1.000000,-0.000000,0.000000,-0.431594,0.000000,0.902068,0.000000,0.900745,-0.000001,0.000001,1.000000;;
            }

            Frame Bip01-R-Finger42 {
             

             FrameTransformMatrix {
              1.000000,0.000000,0.000000,0.000000,-0.000000,1.000000,0.000000,0.000000,0.000000,-0.000000,1.000000,0.000000,0.920406,0.000000,-0.000001,1.000000;;
             }
            }
           }
          }
         }
        }
       }
      }
     }

     Frame Bone16 {
      

      FrameTransformMatrix {
       -0.452061,0.143322,0.880398,0.000000,-0.071220,-0.989656,0.124538,0.000000,0.889140,-0.006403,0.457592,0.000000,3.703911,2.723236,0.899414,1.000000;;
      }
     }

     Frame Bone15 {
      

      FrameTransformMatrix {
       -0.458012,-0.126609,0.879884,0.000000,0.066130,-0.991915,-0.108307,0.000000,0.886483,0.008581,0.462681,0.000000,3.703918,-2.728203,0.899426,1.000000;;
      }
     }
    }
   }

   Frame Bip01-L-Thigh {
    

    FrameTransformMatrix {
     -0.937852,0.127548,0.322745,0.000000,-0.121076,-0.991831,0.040138,0.000000,0.325228,-0.001434,0.945634,0.000000,-2.197254,3.088793,-1.478024,1.000000;;
    }

    Frame Bip01-L-Calf {
     

     FrameTransformMatrix {
      0.754242,-0.000000,-0.656597,0.000000,0.000000,1.000000,-0.000000,0.000000,0.656597,0.000000,0.754242,0.000000,16.978544,0.000000,0.000004,1.000000;;
     }

     Frame Bip01-L-Foot {
      

      FrameTransformMatrix {
       0.997924,0.046335,-0.044726,0.000000,-0.039495,0.988896,0.143265,0.000000,0.050868,-0.141202,0.988673,0.000000,14.426139,0.000000,0.000000,1.000000;;
      }

      Frame Bip01-L-Toe0 {
       

       FrameTransformMatrix {
        -0.356474,-0.079902,0.930882,0.000000,0.007748,0.996049,0.088463,0.000000,-0.934273,0.038747,-0.354447,0.000000,6.870573,-0.000000,4.378771,1.000000;;
       }
      }
     }
    }
   }

   Frame Bip01-R-Thigh {
    

    FrameTransformMatrix {
     -0.971950,0.206152,-0.113199,0.000000,-0.188345,-0.970532,-0.150314,0.000000,-0.140850,-0.124778,0.982136,0.000000,-2.583309,-2.406773,-0.846197,1.000000;;
    }

    Frame Bip01-R-Calf {
     

     FrameTransformMatrix {
      0.988229,-0.000000,-0.152984,0.000000,0.000000,1.000000,-0.000000,0.000000,0.152984,-0.000000,0.988229,0.000000,16.978536,0.000000,0.000000,1.000000;;
     }

     Frame Bip01-R-Foot {
      

      FrameTransformMatrix {
       0.971781,0.100201,0.213544,0.000000,-0.108232,0.993780,0.026221,0.000000,-0.209588,-0.048593,0.976582,0.000000,14.426142,0.000001,-0.000000,1.000000;;
      }

      Frame Bip01-R-Toe0 {
       

       FrameTransformMatrix {
        -0.016757,0.000764,0.999859,0.000000,0.012934,0.999916,-0.000547,0.000000,-0.999776,0.012923,-0.016766,0.000000,6.870572,-0.000001,4.378775,1.000000;;
       }
      }
     }
    }
   }
  }
 }
}

Frame K_JiuNiang001 {
 

 FrameTransformMatrix {
  1.000000,0.000000,0.000000,0.000000,0.000000,1.000000,0.000000,0.000000,0.000000,0.000000,1.000000,0.000000,0.000000,0.000000,0.000000,1.000000;;
 }

 Mesh K_JiuNiang001 {
  2161;
  -1.967041;47.412208;7.310418;,
  -0.777236;45.926621;9.253325;,
  -0.650452;47.891334;8.244613;,
  -1.822750;46.183069;8.521893;,
  -1.087822;44.394989;8.888181;,
  0.446726;45.644538;8.512101;,
  0.363413;47.482131;7.497298;,
  0.349533;49.955757;6.132628;,
  -0.962246;50.387734;6.775033;,
  -2.346184;49.425050;5.987974;,
  -1.880886;48.755142;5.007876;,
  -2.525843;51.293814;3.246697;,
  -1.550123;45.822432;7.494100;,
  -1.448950;45.980797;7.512127;,
  -1.608227;46.795219;6.513640;,
  -1.457058;44.136893;3.889419;,
  -1.941551;45.401053;5.937425;,
  -0.687542;44.921296;5.626111;,
  -0.279778;45.560349;7.332637;,
  -0.329672;45.821952;7.384881;,
  -0.498673;46.676659;6.358522;,
  -0.785685;48.618086;4.715751;,
  -1.987161;51.540374;2.092628;,
  0.446726;45.644538;8.512101;,
  0.332386;44.411744;7.886129;,
  -0.254513;43.565933;6.221509;,
  -0.254513;43.565933;6.221509;,
  -1.156498;42.759034;4.351100;,
  -2.003004;51.457946;1.428636;,
  -1.840831;50.557872;1.765754;,
  -1.399885;51.491242;2.344226;,
  -1.142226;51.720573;2.971838;,
  0.349533;49.955757;6.132628;,
  0.363413;47.482131;7.497298;,
  -2.472662;52.179360;1.067333;,
  -2.268651;55.065344;1.763444;,
  -1.230498;55.691245;1.973212;,
  -1.633539;55.208442;1.352452;,
  -2.559245;54.292115;1.228418;,
  -2.317429;54.401293;0.445102;,
  -2.693891;53.090851;0.828679;,
  -2.727936;53.178214;0.184036;,
  -2.916041;51.918931;0.016038;,
  -2.544988;51.164803;0.558793;,
  -2.462441;52.275024;1.979698;,
  -2.747985;53.206832;1.607221;,
  -2.859262;53.998208;1.557929;,
  -2.818545;54.674093;2.156300;,
  -1.833508;55.478886;2.591646;,
  -2.642797;51.834038;4.481469;,
  -2.985902;53.020934;3.972259;,
  -2.874336;52.070099;2.840569;,
  -2.980111;54.150458;3.442694;,
  -3.113222;53.275514;2.313953;,
  -1.603176;55.038835;4.144452;,
  -2.479862;55.020422;3.055941;,
  -1.888595;54.409235;4.495081;,
  -0.090140;54.157920;4.375887;,
  -1.746304;53.551194;4.885502;,
  -0.181178;53.499488;4.475792;,
  -1.467825;52.748963;5.244308;,
  -0.863838;55.498048;3.649627;,
  -0.003713;54.868115;4.155036;,
  0.654009;53.555658;3.773378;,
  0.187319;52.297318;3.539161;,
  -0.310121;52.798531;4.400458;,
  -0.502201;51.168480;3.079096;,
  -1.142226;51.720573;2.971838;,
  -1.399885;51.491242;2.344226;,
  -1.840831;50.557872;1.765754;,
  5.219055;48.233475;-2.511590;,
  5.376293;50.501382;-4.059015;,
  5.706154;50.136819;-2.259100;,
  4.924133;46.190963;-2.863796;,
  4.029776;47.891699;-1.037738;,
  3.871874;46.089914;-1.549736;,
  4.632239;50.064493;-0.369701;,
  6.322266;51.920822;-1.560491;,
  5.515368;51.338765;-3.464972;,
  4.586328;52.006134;-4.699225;,
  4.329129;50.749178;-5.005055;,
  5.115674;52.199235;0.375886;,
  6.335297;52.880746;-0.628601;,
  6.223606;53.950202;-0.078932;,
  2.955296;49.769325;0.640255;,
  2.397320;47.725363;-0.195330;,
  3.367849;51.834115;1.479653;,
  5.071082;53.917414;0.682026;,
  6.061111;55.071910;-0.020558;,
  4.774151;55.264717;0.734546;,
  6.099566;56.089299;-0.953831;,
  4.334013;56.375181;0.036497;,
  3.685671;56.936934;0.348175;,
  2.397517;57.708435;1.702083;,
  2.634105;56.731360;1.716453;,
  3.005525;55.811494;1.591662;,
  3.236279;55.039494;1.805898;,
  3.355028;53.677200;1.759662;,
  4.233085;56.586432;-1.448893;,
  5.572418;56.282202;-2.282471;,
  3.387924;57.003341;-0.966745;,
  3.140908;57.640960;0.947346;,
  3.060951;57.575411;-0.501607;,
  3.035806;58.352979;-0.293473;,
  2.975013;58.705587;0.973297;,
  2.349659;58.745574;1.655447;,
  -2.273399;45.440957;8.046544;,
  -1.728237;43.332650;6.950715;,
  -2.720810;44.643235;6.516812;,
  -2.418566;42.494819;5.064345;,
  -3.042793;43.813699;4.712113;,
  -2.455986;44.482880;4.122826;,
  0.332386;44.411744;7.886129;,
  -0.254513;43.565933;6.221509;,
  -1.156498;42.759034;4.351100;,
  -3.105911;41.751085;3.145782;,
  -3.507540;42.872810;2.709300;,
  -3.204504;43.419450;2.126415;,
  -2.109802;42.016893;2.441686;,
  -2.209648;43.225533;2.062884;,
  -2.109802;42.016893;2.441686;,
  5.930810;54.703046;-4.365590;,
  6.940927;53.966592;-4.174826;,
  5.848045;53.928960;-4.426942;,
  6.423534;55.252416;-3.861005;,
  6.392009;55.895238;-2.611317;,
  5.695429;55.624896;-3.516368;,
  5.064177;54.977933;-4.269559;,
  4.866284;53.938144;-4.734132;,
  4.985886;52.959603;-4.557514;,
  7.490082;55.099200;-1.411580;,
  7.158948;55.428416;-2.902239;,
  7.788101;54.502771;-3.043137;,
  7.075741;52.663216;-3.909001;,
  5.916377;52.965683;-4.222548;,
  5.645938;52.273706;-3.931618;,
  5.033298;52.250579;-4.191070;,
  5.558955;52.144470;-2.896245;,
  5.515368;51.338765;-3.464972;,
  4.586328;52.006134;-4.699225;,
  4.201571;52.747674;-5.203466;,
  4.181820;53.844390;-4.862183;,
  4.307500;55.094022;-4.102418;,
  4.972498;55.746797;-3.062988;,
  5.781770;52.079706;-2.511458;,
  6.335297;52.880746;-0.628601;,
  6.391048;52.710998;-0.851607;,
  6.629126;53.416589;-0.517076;,
  7.411169;52.336618;-0.937841;,
  7.424410;49.552726;-0.286696;,
  7.876987;51.838288;-2.465665;,
  8.047302;49.031738;-1.960635;,
  7.009050;51.779206;-3.583424;,
  7.051573;48.739869;-2.701718;,
  5.955864;48.652358;-2.392918;,
  7.550062;46.677603;0.167981;,
  6.404698;45.074410;0.343012;,
  7.860918;45.538947;0.505830;,
  8.111431;46.655357;-1.419488;,
  7.307741;46.352058;-2.056965;,
  6.273106;46.230698;-1.627980;,
  7.964147;44.508864;0.453025;,
  8.312972;45.409523;-1.086194;,
  7.504500;45.279763;-1.659049;,
  8.636265;38.243882;-2.125500;,
  7.806988;40.463622;-2.410446;,
  8.645128;40.473472;-1.749514;,
  8.574162;38.035738;-0.875336;,
  8.381010;40.122429;-0.314185;,
  6.937752;39.894134;-0.504526;,
  8.159933;42.236083;0.155360;,
  6.518078;42.011658;0.045980;,
  6.326412;43.932838;0.367134;,
  7.383318;37.772858;-1.142570;,
  7.657265;44.161661;-1.809929;,
  8.653967;44.218781;-1.174246;,
  8.747078;42.456666;-1.425051;,
  7.716473;42.535523;-2.095021;,
  6.479275;45.113946;-1.185507;,
  6.475340;44.058128;-1.249619;,
  6.523624;42.216301;-1.482782;,
  6.855198;40.241434;-1.944854;,
  7.820934;38.379142;-2.692260;,
  7.806988;40.463622;-2.410446;,
  8.636265;38.243882;-2.125500;,
  7.164818;38.125222;-2.343565;,
  5.922199;49.306291;-0.234941;,
  6.248926;46.508979;-0.012196;,
  6.404698;45.074410;0.343012;,
  6.326412;43.932838;0.367134;,
  6.518078;42.011658;0.045980;,
  6.937752;39.894134;-0.504526;,
  7.383318;37.772858;-1.142570;,
  5.558955;52.144470;-2.896245;,
  6.322266;51.920822;-1.560491;,
  5.515368;51.338765;-3.464972;,
  5.781770;52.079706;-2.511458;,
  5.922199;49.306291;-0.234941;,
  6.248926;46.508979;-0.012196;,
  5.420898;56.202176;-2.332945;,
  6.732804;55.690733;-1.266311;,
  6.758580;55.018106;-0.492745;,
  6.826667;54.191168;-0.424170;,
  6.223606;53.950202;-0.078932;,
  6.061111;55.071910;-0.020558;,
  5.796102;55.978182;-0.843467;,
  7.985245;53.234506;-2.897542;,
  7.739672;54.305306;-1.358001;,
  7.579771;53.229958;-1.090719;,
  -0.236724;46.507440;-5.368774;,
  1.580700;44.629610;-5.825947;,
  -0.208873;44.465402;-5.327467;,
  3.477912;47.696547;-5.223569;,
  5.044340;49.428214;-4.344066;,
  4.616929;48.165130;-4.575460;,
  4.499877;46.329011;-4.370102;,
  3.210766;46.367530;-5.393156;,
  4.183250;44.715315;-4.529462;,
  3.116391;44.740829;-5.499826;,
  1.607623;46.453485;-5.806376;,
  1.394833;47.595514;-5.781945;,
  -0.388322;47.591446;-5.238690;,
  4.615291;44.652198;-3.054777;,
  4.322810;42.857491;-5.054779;,
  3.096704;42.627328;-6.012781;,
  1.334464;42.383949;-6.243101;,
  4.668274;43.020486;-3.227841;,
  3.434865;40.964234;-6.462855;,
  4.723189;41.346640;-5.555164;,
  5.428647;41.194938;-3.351780;,
  3.844446;42.758813;-1.538535;,
  3.711961;44.398758;-1.747482;,
  4.962527;41.470650;-1.410178;,
  3.703212;39.635146;0.620512;,
  5.538819;39.986800;-1.067447;,
  3.530597;41.211869;-0.124887;,
  2.274102;42.595107;-0.582191;,
  2.219930;44.281693;-0.994840;,
  2.260460;46.060470;-0.870042;,
  2.523604;41.070771;0.243665;,
  6.485404;37.012291;-3.420707;,
  6.009494;35.791206;-4.977383;,
  5.703504;37.362624;-5.881340;,
  5.756130;34.490470;-4.074364;,
  4.616475;33.945763;-2.323603;,
  5.331991;36.265549;-1.402240;,
  5.662712;37.878608;-1.099395;,
  3.413578;37.640800;0.506106;,
  2.655680;39.466720;0.860479;,
  0.910861;35.820586;-2.688414;,
  1.473782;35.811792;-0.984262;,
  0.616269;35.834106;-2.489373;,
  1.887983;35.742528;-1.220036;,
  0.196044;35.323258;-3.599839;,
  1.485371;34.357955;-1.605420;,
  2.901008;35.991181;-0.289453;,
  3.135882;36.658547;0.281949;,
  2.258748;37.637414;0.685898;,
  1.926219;36.207382;-0.140596;,
  2.026978;36.773187;0.434690;,
  0.150089;39.324112;3.058941;,
  1.037556;38.344384;2.402178;,
  0.115299;38.346755;2.977247;,
  1.172348;40.164986;3.633314;,
  0.179209;39.298278;4.122587;,
  1.072341;39.321738;2.483873;,
  2.023715;39.293533;2.972448;,
  1.988930;38.316170;2.890751;,
  1.036002;37.456742;3.393784;,
  0.144421;38.320915;4.040892;,
  1.130585;39.270064;4.611161;,
  2.052837;39.267699;4.036093;,
  2.023715;39.293533;2.972448;,
  2.018053;38.290336;3.954395;,
  1.988930;38.316170;2.890751;,
  1.095797;38.292710;4.529465;,
  1.443488;39.612602;4.116800;,
  1.406177;41.190675;3.052787;,
  1.448027;41.099901;4.129720;,
  1.394463;39.703133;3.039748;,
  0.702377;41.136589;3.628644;,
  0.694942;39.658896;3.622616;,
  1.448027;41.099901;4.129720;,
  1.443488;39.612602;4.116800;,
  1.246944;34.109283;3.362646;,
  1.288817;35.303235;2.732099;,
  1.329387;35.311072;3.464168;,
  1.206373;34.101450;2.630577;,
  0.666267;35.353658;3.146913;,
  0.583824;34.151862;3.045389;,
  1.329387;35.311072;3.464168;,
  1.246944;34.109283;3.362646;,
  6.212272;39.388854;1.311396;,
  5.460980;40.771376;1.856800;,
  5.442982;39.294822;1.795737;,
  6.226115;40.862877;1.365383;,
  5.532186;39.453712;0.720035;,
  5.541512;40.916595;0.777641;,
  5.442982;39.294822;1.795737;,
  5.460980;40.771376;1.856800;,
  5.881487;38.158653;0.033949;,
  6.759464;39.099539;0.730573;,
  6.785826;38.134554;0.619745;,
  5.725231;39.880646;1.321034;,
  6.693494;38.999946;1.795504;,
  5.855126;39.123648;0.144777;,
  4.884815;39.048157;0.623913;,
  4.911178;38.083168;0.513085;,
  5.838762;37.208170;1.001154;,
  6.719855;38.034957;1.684675;,
  4.818846;38.948563;1.688844;,
  5.723184;38.924461;2.274639;,
  4.884815;39.048157;0.623913;,
  4.845205;37.983565;1.578015;,
  4.911178;38.083168;0.513085;,
  5.749546;37.959466;2.163809;,
  6.246266;33.892618;0.530212;,
  5.595600;35.065987;1.061547;,
  5.577786;33.874618;0.859175;,
  6.264079;35.083984;0.732586;,
  5.628866;33.971894;0.129814;,
  5.646680;35.163261;0.332186;,
  5.577786;33.874618;0.859175;,
  5.595600;35.065987;1.061547;,
  5.765592;38.210099;1.079167;,
  7.068895;37.161866;1.788962;,
  7.161949;37.302346;0.286848;,
  5.886352;37.336342;-0.539432;,
  7.203028;35.932282;0.124914;,
  5.926882;35.970154;-0.699696;,
  5.872768;34.631424;0.661106;,
  4.559136;35.871894;-0.021708;,
  4.517702;37.229859;0.136399;,
  7.111366;35.796608;1.627710;,
  4.424648;37.089379;1.638514;,
  5.700245;37.055382;2.464794;,
  4.517702;37.229859;0.136399;,
  4.467551;35.736093;1.480992;,
  4.559136;35.871894;-0.021708;,
  5.743765;35.698579;2.305680;,
  9.941609;37.344202;-1.079770;,
  9.510418;39.285606;0.006852;,
  9.465484;37.159264;-0.366873;,
  9.837994;39.464096;-0.940016;,
  8.851353;38.331168;-2.092327;,
  8.752186;39.334611;-1.757756;,
  -4.005103;42.140640;2.050152;,
  -3.013914;41.106758;2.636157;,
  -3.285716;41.555062;2.513398;,
  -2.109802;42.016893;2.441686;,
  -3.105911;41.751085;3.145782;,
  -2.661592;41.760797;1.564750;,
  -2.320200;40.852602;1.821687;,
  -2.246193;39.742950;2.244699;,
  -2.834421;39.725837;2.839847;,
  -2.791282;38.330186;2.538107;,
  -3.327421;38.227632;2.965012;,
  -3.089162;37.471818;2.426252;,
  -3.430917;37.346330;2.699243;,
  -4.109936;38.133248;2.574624;,
  -3.952704;37.355171;2.334769;,
  -3.205686;36.749338;1.683355;,
  -3.479949;37.510544;1.941519;,
  -3.359274;38.014589;1.835321;,
  -3.715587;36.996986;1.775910;,
  -4.180684;36.802688;2.145676;,
  -4.698600;38.098403;1.849850;,
  -4.569386;36.890822;1.649821;,
  -3.203326;36.567277;2.242948;,
  -3.588530;36.580550;1.933310;,
  -3.177263;35.720259;1.394752;,
  -2.874071;36.129258;1.468997;,
  -2.922651;36.750794;2.048570;,
  -2.891069;35.707053;1.624162;,
  -2.874071;36.129258;1.468997;,
  6.134165;26.718347;-0.505840;,
  5.635430;34.001642;0.721733;,
  4.435134;26.812592;0.338266;,
  6.075753;34.007232;0.503042;,
  4.543829;26.973958;-1.470974;,
  6.075753;34.007232;0.503042;,
  5.668330;34.062141;0.239993;,
  4.435134;26.812592;0.338266;,
  5.635430;34.001642;0.721733;,
  -3.636259;41.710672;0.220597;,
  -3.788203;42.641107;1.269511;,
  -3.012973;42.515885;0.858965;,
  -2.816109;41.323808;0.870404;,
  -2.661592;41.760797;1.564750;,
  -2.109802;42.016893;2.441686;,
  -2.209648;43.225533;2.062884;,
  -3.204504;43.419450;2.126415;,
  -3.507540;42.872810;2.709300;,
  -4.211643;41.181130;1.961717;,
  -3.710543;39.623747;2.598310;,
  -4.433660;41.648467;0.860173;,
  -3.883358;40.839722;-0.597270;,
  -4.379466;40.730256;0.035945;,
  -4.768654;40.077590;0.924970;,
  -4.601713;39.568755;0.350769;,
  -5.302434;38.534646;0.159475;,
  -4.434591;39.841866;-0.014780;,
  -3.279727;40.149254;-0.608143;,
  -4.804077;39.664285;-0.997544;,
  -4.933826;39.567520;-0.265397;,
  -4.384267;39.165955;-0.016938;,
  -4.442155;39.004586;0.047012;,
  -4.855367;38.489488;0.004295;,
  -5.135123;37.406602;0.044011;,
  -4.836813;38.456474;-0.311549;,
  -3.990096;39.471437;-0.962047;,
  -5.104107;38.549949;-1.149480;,
  -5.272466;38.379258;-0.594993;,
  -4.696892;37.787507;-0.842883;,
  -4.993381;37.376845;-0.839858;,
  -4.847662;37.498330;-1.275252;,
  -4.696892;37.787507;-0.842883;,
  -4.993381;37.376845;-0.839858;,
  -4.545680;38.788269;-0.969327;,
  -4.836813;38.456474;-0.311549;,
  -4.384267;39.165955;-0.016938;,
  -2.886858;40.373702;-0.250270;,
  -2.583820;40.488160;0.803500;,
  -4.442155;39.004586;0.047012;,
  -3.205686;36.749338;1.683355;,
  -2.922651;36.750794;2.048570;,
  -2.874071;36.129258;1.468997;,
  -3.479949;37.510544;1.941519;,
  -3.089162;37.471818;2.426252;,
  -3.359274;38.014589;1.835321;,
  -2.791282;38.330186;2.538107;,
  -2.246193;39.742950;2.244699;,
  -2.320200;40.852602;1.821687;,
  -3.715587;36.996986;1.775910;,
  -3.813221;38.164726;1.198968;,
  -4.333424;38.285574;0.597034;,
  -4.855367;38.489488;0.004295;,
  -5.135123;37.406602;0.044011;,
  -4.818791;37.207840;0.472806;,
  -5.080065;36.318000;-0.272534;,
  -4.815816;36.198563;0.110951;,
  -5.035835;35.403123;-0.336781;,
  -5.373600;34.943238;0.011665;,
  -5.513296;35.128810;-0.399753;,
  -4.173025;35.322701;-0.017449;,
  -4.461956;35.988045;0.111478;,
  -4.119043;35.911469;0.592487;,
  -4.365749;36.788880;1.158857;,
  -4.738620;37.004464;0.593903;,
  -4.291224;34.812141;0.193597;,
  -4.517006;34.961850;-0.196559;,
  -4.018846;37.051210;1.365085;,
  -3.537837;36.036186;1.296400;,
  -4.018768;36.246477;1.170679;,
  -3.657589;35.425981;0.873410;,
  -3.779446;34.899482;1.123578;,
  -4.048109;34.997856;0.778798;,
  9.258326;38.098282;-1.259375;,
  9.457300;35.304122;-1.356015;,
  8.722165;38.478723;-1.930771;,
  9.492106;36.625686;-0.730351;,
  8.415545;38.496499;-2.671888;,
  9.022211;35.338173;-2.669763;,
  8.257094;36.950080;-3.466132;,
  8.908657;38.519814;-1.852520;,
  7.365349;40.162858;-2.996155;,
  8.809726;37.553117;-3.530572;,
  8.113770;37.295792;-3.763890;,
  8.104574;40.113693;-3.056483;,
  1.427389;58.628154;1.586626;,
  2.349659;58.745574;1.655447;,
  2.069447;59.781523;1.949672;,
  1.065051;59.749210;1.688057;,
  0.291515;59.639648;0.634889;,
  0.524406;58.227315;0.701803;,
  0.926205;58.312749;-1.201103;,
  1.229220;58.187994;-1.483768;,
  1.251966;57.682694;-1.154557;,
  0.492680;57.936448;-0.359647;,
  0.552243;58.787008;-0.749886;,
  0.184181;59.200576;-0.471972;,
  -0.143216;59.831226;-0.131575;,
  0.112534;60.630982;0.910047;,
  0.978735;60.631462;2.035972;,
  2.116184;60.607738;2.241214;,
  -4.724431;37.604691;-2.451751;,
  -4.314120;40.194688;-0.944349;,
  -4.564790;39.138717;-2.581113;,
  -2.957164;38.145363;-3.977676;,
  -2.973571;36.512794;-3.962340;,
  -0.781711;40.063034;-5.692752;,
  -1.694560;37.858490;-4.475458;,
  -2.165071;40.480566;-4.752582;,
  -0.518446;36.086586;-3.378008;,
  0.094093;35.283562;-3.362942;,
  -3.079091;35.852646;-4.002872;,
  -4.753450;36.137696;-2.020949;,
  -4.865503;36.602736;-1.035553;,
  -4.756910;37.888886;-0.231608;,
  0.389648;35.696006;-2.179782;,
  0.616269;35.834106;-2.489373;,
  -0.200032;36.200179;-3.834102;,
  -0.877953;37.831824;-5.119379;,
  -3.169202;38.067002;1.786694;,
  -2.973338;39.882147;1.239213;,
  -0.789248;38.850310;2.389997;,
  -0.455923;40.675354;2.066853;,
  1.918585;40.003494;1.583748;,
  -0.109219;41.994566;1.299550;,
  1.663927;41.367258;0.842426;,
  0.694301;42.988624;0.189025;,
  -2.049999;42.016419;0.535834;,
  1.660514;38.063674;1.613575;,
  -0.877754;37.252304;2.070439;,
  -0.430928;35.162438;1.667943;,
  -2.545233;35.419827;1.818680;,
  -3.855029;36.407059;1.021181;,
  1.464142;37.012893;1.348931;,
  1.226585;36.288835;0.796923;,
  1.459456;35.088704;-0.930391;,
  1.149880;35.771267;-0.562336;,
  0.094093;35.283562;-3.362942;,
  0.389648;35.696006;-2.179782;,
  0.839677;46.082435;0.153451;,
  0.818532;44.462653;-0.093422;,
  -1.101201;43.562163;-0.009023;,
  -2.493827;43.564131;-1.248372;,
  -0.749750;44.770669;0.012206;,
  -0.824622;46.176781;0.365282;,
  0.840262;47.622582;0.788621;,
  -1.059895;47.703674;1.083822;,
  1.345351;49.719789;1.791724;,
  -1.876852;46.313270;-0.788290;,
  -1.570336;44.621827;-4.056009;,
  -1.574624;46.445632;-4.018906;,
  -1.702206;47.445037;-3.930681;,
  -2.066015;46.354509;-2.429186;,
  -2.235130;47.355005;-1.749392;,
  -2.113048;47.423210;-0.000111;,
  -2.240925;48.625075;0.608793;,
  -1.783723;44.847075;-1.118379;,
  -2.100743;44.727965;-2.569359;,
  -2.700902;43.350640;-2.742238;,
  -2.063985;42.829162;-4.341376;,
  -0.592050;42.283478;-5.766041;,
  -3.613921;41.809555;-2.597074;,
  -3.005332;41.056550;-3.887290;,
  -3.388079;42.331405;-0.996114;,
  -2.553738;41.078736;1.037240;,
  -4.815816;36.198563;0.110951;,
  -5.373600;34.943238;0.011665;,
  -5.035835;35.403123;-0.336781;,
  -5.650590;37.237098;0.225590;,
  -5.080065;36.318000;-0.272534;,
  -5.481810;36.216973;-0.119593;,
  -5.513296;35.128810;-0.399753;,
  -5.360099;36.016822;0.418150;,
  -5.475437;37.017638;0.861854;,
  -4.818791;37.207840;0.472806;,
  -4.333424;38.285574;0.597034;,
  -5.138560;38.278451;1.061139;,
  -4.436125;39.885779;1.840032;,
  -4.510698;35.542602;0.719852;,
  -5.231325;36.915206;0.894633;,
  -4.791723;35.763994;0.231349;,
